44,13,1
30,36,0
0,26,0
100,77,2
67,82,2
67,41,1
74,29,1
95,43,2
95,10,1
81,21,1
21,42,0
10,19,0
28,35,0
57,28,1
87,24,1
82,53,2
30,32,0
23,52,0
69,8,1
97,42,2
13,30,0
99,89,2
1,78,0
41,36,0
48,69,0
68,33,1
40,99,2
94,58,2
95,54,2
97,95,2
80,14,1
69,28,1
89,79,2
60,26,1
8,46,0
92,96,2
10,19,0
45,13,1
89,57,2
71,46,1
13,15,0
25,48,0
17,69,0
21,26,0
24,97,0
57,16,1
3,39,0
33,2,1
6,21,0
25,44,0
62,33,1
96,44,2
54,27,1
21,95,0
27,65,0
13,7,0
80,22,1
77,11,1
12,73,0
90,48,2
92,62,2
40,43,0
84,64,2
60,94,2
86,84,2
86,6,1
32,41,0
83,69,2
85,100,2
12,56,0
30,93,0
47,19,1
20,76,0
33,89,0
42,23,1
32,11,0
19,39,0
98,86,2
20,29,0
45,93,2
52,93,2
80,67,2
68,77,2
13,33,0
59,31,1
21,27,0
7,18,0
99,84,2
39,85,0
29,68,0
39,45,0
91,37,1
97,49,2
56,48,1
3,3,0
53,56,0
64,46,1
6,6,0
75,75,2
64,12,1
