44,13,2
30,36,0
0,26,0
100,77,1
67,82,1
67,41,2
74,29,2
95,43,1
95,10,2
81,21,2
21,42,0
10,19,0
28,35,0
57,28,2
87,24,2
82,53,1
30,32,0
23,52,0
69,8,2
97,42,1
13,30,0
99,89,1
1,78,0
41,36,0
48,69,1
68,33,2
40,99,1
94,58,1
95,54,1
97,95,1
80,14,2
69,28,2
89,79,1
60,26,2
8,46,0
92,96,1
10,19,0
45,13,2
89,57,1
71,46,2
13,15,0
25,48,0
17,69,0
21,26,0
24,97,0
57,16,2
3,39,0
33,2,2
6,21,0
25,44,0
62,33,2
96,44,1
54,27,2
21,95,0
27,65,0
13,7,0
80,22,2
77,11,2
12,73,0
90,48,1
92,62,1
40,43,0
84,64,1
60,94,1
86,84,1
86,6,2
32,41,0
83,69,1
85,100,1
12,56,0
30,93,0
47,19,2
20,76,0
33,89,0
42,23,2
32,11,2
19,39,0
98,86,1
20,29,0
45,93,1
52,93,1
80,67,1
68,77,1
13,33,0
59,31,2
21,27,0
7,18,0
99,84,1
39,85,1
29,68,0
39,45,0
91,37,2
97,49,1
56,48,2
3,3,0
53,56,1
64,46,2
6,6,0
75,75,1
64,12,2
